# Sector A, 2300 MSL
222222
21.62763,-158.39024
21.66877,-158.36993
21.68999,-158.30216
21.5435,-158.36623
21.62763,-158.39024

222222
21.62763,-158.39024>080,1.5 23
21.62763,-158.39024>080,1.5

222222
22.03525,-159.33811
22.07939,-159.30886
22.10548,-159.29686
22.13727,-159.23447
22.09297,-159.23643
22.02824,-159.26561
21.95325,-159.26754
22.00573,-159.33542
22.03525,-159.33811

222222
21°58'33.60"N,159°20'20.40"W>020,5 25
21°58'33.60"N,159°20'20.40"W>020,5

222222
21.88067,-159.48714
21.93086,-159.4392
21.97853,-159.42196
22.0017,-159.38287
22.00573,-159.33542
21.95325,-159.26754
21.91495,-159.27596
21.89068,-159.30527
21.88117,-159.34953
21.86822,-159.39749
21.88067,-159.48714

222222
21°58'33.60"N,159°20'20.40"W>215,5 39
21°58'33.60"N,159°20'20.40"W>215,5

222222
21.88067,-159.48714 
21.86822,-159.39749
21.88117,-159.34953
21.89068,-159.30527
21.85547,-159.34838
21.80806,-159.42738
21.83802,-159.62988
21.90329,-159.72801
21.95095,-159.70861
21.90048,-159.60875
21.88622,-159.53227
21.88067,-159.48714

222222
22.05519,-159.40626
22.06031,-159.38755
22.06742,-159.3668
22.08873,-159.34391
22.10548,-159.29686
22.07939,-159.30886
22.03525,-159.33811
22.00573,-159.33542
22.0017,-159.38287
21.97853,-159.42196
22.02675,-159.42295
22.05519,-159.40626

222222
21.88067,-159.48714
21.88622,-159.53227
21.90048,-159.60875
21.93268,-159.59533
21.91235,-159.52662
21.93086,-159.4392
21.88067,-159.48714

222222
22.13727,-159.23447
22.10548,-159.29686
22.17366,-159.30422
22.21235,-159.34032
22.26051,-159.31309
22.21913,-159.26523
22.13727,-159.23447

222222
21.90688,-160.33252
21.99116,-160.27986
22.11788,-160.1434
22.10888,-160.03517
22.00288,-159.97131
21.89015,-159.97933
21.83334,-160.01762
21.7848,-160.0589
21.67904,-160.16561
21.68017,-160.25218
21.7213,-160.31916
21.81101,-160.33917
21.90688,-160.33252

222222
21.96925,-159.49812
22.02675,-159.42295
21.97853,-159.42196
21.93086,-159.4392
21.91235,-159.52662
21.93268,-159.59533
21.97083,-159.58918
21.96925,-159.49812

222222
21.97083,-159.58918
21.93268,-159.59533
21.90048,-159.60875
21.95095,-159.70861
21.90329,-159.72801
21.93552,-159.78042
21.98373,-159.83236
22.03838,-159.86352
22.12703,-159.81632
22.05483,-159.7347
21.99259,-159.67515
21.97083,-159.58918

222222
21.96925,-159.49812
21.97083,-159.58918
21.99259,-159.67515
22.05483,-159.7347
22.12703,-159.81632
22.2009,-159.76328
22.24388,-159.68228
22.28951,-159.58492
22.28666,-159.44157
22.28857,-159.37709
22.26051,-159.31309
22.21235,-159.34032
22.17366,-159.30422
22.10548,-159.29686
22.08873,-159.34391
22.06742,-159.3668
22.06031,-159.38755
22.05519,-159.40626
22.02675,-159.42295
21.96925,-159.49812